775
775
610
610
610
315
187
797
241
802
660
249
631
158
31
734
734
223
437
328
708
540
754
388
35
620
699
141
422
872
620
157
847
793
221
882
486
714
329
543
37
25
463
286
105
621
495
839
104
193
428
428
428
428
812
907
264
461
28
145
242
170
567
374
50
724
481
843
27
446
411
2
35
25
39
427
677
504
711
558
81
632
632
663
73
320
735
735
446
763
456
474
908
698
822
735
155
872
541
636
798
798
798
798
798
798
746
342
469
748
556
684
48
65
621
730
776
262
71
669
185
524
249
180
52
52
52
52
272
637
704
704
704
440
595
609
257
257
10
563
58
825
621
805
249
173
173
813
813
813
813
65
117
121
309
916
851
345
438
438
5
274
623
707
524
64
759
759
759
759
56
701
723
496
378
414
754
389
238
813
474
119
878
901
470
33
33
49
587
155
358
358
358
358
358
358
358
358
358
764
764
764
764
266
703
284
284
271
238
908
238
762
762
762
762
762
762
762
762
762
762
762
762
762
232
232
257
257
818
15
63
575
571
477
412
220
893
485
694
95
623
678
565
656
727
413
811
345
259
338
308
543
609
546
711
848
568
25
187
647
218
428
304
790
166
894
270
141
639
47
414
344
897
240
83
890
653
154
317
172
492
803
893
362
610
687
470
438
890
835
345
369
346
650
419
512
804
689
831
526
914
328
130
899
568
213
871
481
481
481
546
448
653
653
120
512
628
660
204
575
212
820
726
308
308
248
177
654
158
774
426
44
545
339
748
542
542
542
542
542
542
542
542
542
542
542
542
542
542
542
542
542
542
542
845
879
701
495
352
655
655
236
898
898
898
898
898
363
889
101
875
778
21
21
21
339
613
234
242
421
421
542
668
776
456
826
632
882
870
438
481
879
240
409
840
23
164
274
856
579
255
302
728
534
437
588
555
37
462
49
457
143
769
207
2
307
115
812
449
245
510
191
206
206
750
778
306
34
202
581
890
781
96
73
592
630
890
440
445
9
902
902
673
466
128
524
851
308
92
92
48
380
719
471
891
910
678
901
770
244
17
27
825
908
96
96
96
96
181
442
688
688
71
592
211
517
779
373
272
505
679
56
438
69
148
664
628
128
218
601
120
156
762
151
151
400
780
384
486
30
480
667
650
429
663
325
818
516
186
451
48
692
213
104
390
282
431
137
910
559
355
771
857
689
616
90
171
656
652
835
835
686
393
585
418
822
584
3
900
182
368
433
230
320
646
512
512
512
512
512
710
189
25
847
359
584
462
213
524
524
524
524
524
27
89
792
583
5
527
500
652
2
345
369
84
11
373
66
371
1
677
601
321
406
196
113
773
399
221
25
25
66
683
605
768
177
177
694
694
642
20
699
429
698
650
431
126
102
693
315
653
653
759
687
687
654
519
548
57
185
744
348
348
40
226
569
254
470
513
860
320
868
814
222
888
774
652
652
668
684
343
54
46
119
370
699
138
317
613
835
865
848
280
870
870
457
320
356
108
753
86
799
873
584
749
29
806
897
897
63
718
826
748
748
322
880
794
441
441
441
441
441
441
441
441
441
441
441
441
441
441
441
441
441
441
441
441
441
441
441
510
754
757
827
627
853
35
558
23
23
23
23
23
23
165
97
536
521
383
549
607
265
504
273
274
711
339
432
432
775
140
340
605
605
462
480
659
163
73
495
180
160
205
115
373
23
331
538
538
298
127
319
651
651
676
186
206
440
440
440
440
637
659
411
59
173
268
268
268
377
652
133
133
133
133
99
253
52
52
52
52
52
52
52
52
52
52
52
52
52
52
52
52
52
440
504
504
548
620
665
13
736
298
25
327
837
512
454
416
454
390
603
660
90
322
579
501
559
752
30
30
30
30
30
30
18
525
341
295
39
39
39
39
394
735
543
203
616
290
394
612
767
609
21
686
381
381
653
362
835
303
47
756
571
370
417
332
189
67
362
208
23
704
651
254
358
499
499
499
798
561
197
348
38
69
197
647
90
143
110
3
506
506
506
506
506
506
506
506
206
306
731
44
137
361
639
469
551
151
151
92
759
367
56
522
799
414
281
857
58
656
288
96
725
663
663
663
663
663
663
663
3
75
75
75
67
291
78
751
496
562
564
719
699
699
699
699
699
699
699
699
699
699
8
441
251
559
770
343
578
57
399
360
279
73
73
73
642
218
131
558
684
405
366
608
586
619
675
878
698
508
635
342
154
615
302
340
316
731
899
168
156
559
566
733
180
105
806
822
822
822
822
822
822
822
822
822
822
822
822
822
822
822
822
822
822
822
822
822
822
822
822
501
198
640
268
603
266
876
272
886
811
410
666
579
305
268
733
2
748
156
318
561
315
665
717
135
313
710
315
418
599
57
1
1
1
797
119
447
660
386
583
192
192
354
654
780
280
315
168
726
131
348
557
465
845
200
780
592
178
178
175
165
888
490
761
747
887
22
804
89
648
547
653
313
663
89
50
50
602
602
602
602
547
543
30
355
674
556
556
912
399
483
19
19
440
335
373
615
500
521
188
521
351
335
544
237
424
274
784
159
765
784
426
75
646
55
55
55
55
619
854
411
411
411
411
411
411
411
411
411
411
411
553
492
583
213
58
778
653
571
571
411
528
528
332
15
894
853
544
312
657
781
781
736
736
736
736
191
826
156
39
870
760
292
598
816
171
534
487
725
108
108
108
108
108
108
108
108
108
108
108
108
108
108
108
108
152
198
344
191
851
916
916
780
639
330
55
616
443
599
10
183
641
6
374
549
340
591
501
183
144
359
259
315
153
746
300
261
158
498
784
527
609
42
390
331
550
445
29
29
75
305
39
436
28
223
71
577
564
662
662
662
662
662
662
662
662
662
662
662
662
662
662
662
662
662
662
662
662
662
662
662
662
338
338
338
338
747
66
875
88
382
110
94
860
371
67
441
415
415
40
132
457
608
641
89
313
670
343
618
618
887
779
646
193
850
483
483
17
773
81
81
764
839
38
112
481
148
384
424
698
74
125
19
114
257
831
900
159
180
296
829
523
914
59
563
821
67
495
386
447
350
646
293
450
684
583
13
833
49
49
49
437
437
791
301
740
66
416
416
258
159
159
159
159
159
159
576
417
340
872
506
123
129
565
686
32
77
442
596
524
52
324
77
502
502
269
269
269
269
269
269
660
516
362
887
887
887
887
213
213
235
271
271
36
481
865
294
641
701
889
241
656
477
364
45
125
311
77
380
753
851
905
805
436
242
242
568
568
705
163
166
327
310
557
562
759
771
125
884
884
884
325
766
668
296
267
406
406
34
632
451
159
203
706
717
38
817
882
103
335
335
207
671
300
370
97
627
858
833
449
700
686
575
666
272
601
416
746
869
82
780
761
533
199
46
46
46
46
46
46
499
917
262
399
881
543
912
348
297
473
896
572
572
360
837
487
810
619
434
645
545
706
328
44
712
457
126
575
300
838
34
34
524
419
211
46
818
175
578
73
701
147
546
680
719
906
599
289
798
478
723
525
105
689
114
327
483
571
454
318
132
552
353
818
52
742
742
742
742
881
132
917
731
205
879
878
878
11
641
857
917
500
228
58
238
211
761
343
900
900
135
849
644
885
563
44
99
197
575
15
29
400
400
400
156
560
577
147
25
538
107
36
439
439
439
47
25
21
453
272
259
665
293
781
825
607
890
551
574
535
535
535
535
535
535
535
774
774
673
661
661
431
866
242
91
283
283
803
847
847
67
828
467
716
865
167
23
339
366
366
366
366
366
476
789
804
401
164
667
667
309
771
817
860
427
434
716
360
248
408
487
668
499
770
553
428
428
428
428
428
428
428
428
282
642
156
258
767
323
281
188
867
758
59
753
419
401
401
401
401
401
401
401
401
401
401
401
401
401
401
401
680
680
728
433
579
671
860
95
647
647
647
481
481
521
137
50
272
272
272
272
272
815
820
85
503
362
727
837
621
754
420
162
24
24
24
24
24
24
24
24
370
2
261
261
205
600
663
663
663
663
663
663
663
663
663
663
663
663
663
663
663
663
886
410
178
418
341
298
821
71
39
424
424
424
424
424
386
89
874
461
169
169
42
47
532
29
29
884
413
784
387
575
66
757
756
508
44
438
253
253
253
253
190
848
848
848
848
848
848
609
738
450
167
641
521
207
325
167
296
460
629
466
502
676
676
676
676
258
709
820
671
753
289
506
82
306
344
578
578
578
529
782
103
719
719
891
712
507
423
879
440
204
168
26
371
465
486
260
260
260
260
191
248
196
449
39
99
380
52
566
886
135
133
491
491
903
662
355
88
88
88
463
506
800
263
189
189
21
881
571
368
907
203
93
475
463
284
284
723
660
907
23
19
373
254
585
519
567
718
92
552
640
626
640
186
392
700
627
582
899
578
235
48
580
438
442
315
162
904
121
822
897
322
841
530
576
686
132
225
665
224
777
387
110
677
751
503
637
460
167
796
311
311
311
311
311
580
228
891
279
279
848
288
441
835
587
523
814
909
624
605
567
392
662
52
317
221
221
221
221
221
89
883
510
766
716
716
716
716
95
663
437
440
542
748
102
30
721
559
138
269
82
55
117
783
130
108
489
735
854
854
142
661
166
166
75
213
256
424
723
104
401
818
28
838
518
748
846
799
38
38
38
38
38
38
38
38
38
38
38
827
827
440
176
178
701
232
295
566
540
540
540
540
540
540
540
582
138
535
696
280
280
48
862
917
740
740
740
740
740
740
740
740
740
740
740
740
740
740
740
740
740
740
740
740
740
740
740
740
740
740
740
740
740
740
740
740
740
740
740
740
740
740
740
740
740
740
740
740
740
740
740
740
740
740
740
740
740
740
740
740
740
740
740
740
740
740
740
740
740
740
740
740
740
740
740
740
740
740
740
740
740
740
740
740
740
740
740
740
740
740
740
740
740
740
740
740
740
740
740
740
740
740
740
740
740
740
740
740
740
740
740
740
740
740
740
740
740
740
740
740
740
740
740
740
740
740
740
740
740
740
740
740
740
740
740
740
740
740
740
740
740
740
740
740
740
740
740
740
740
740
740
740
740
740
740
740
740
740
740
740
740
740
740
740
740
740
740
740
740
740
740
740
740
740
740
740
740
200
424
424
424
546
483
85
624
689
183
225
225
225
225
225
225
225
225
225
225
225
225
225
519
111
106
557
20
724
907
376
507
403
672
156
25
514
294
560
470
574
169
414
573
170
170
793
257
894
894
894
894
894
894
894
894
894
894
536
520
600
307
307
307
307
307
307
703
85
826
814
814
814
369
643
818
176
814
293
683
300
225
839
325
325
325
325
325
325
325
325
325
325
325
325
325
325
917
393
146
469
227
493
143
61
841
18
318
817
554
99
678
121
802
763
207
877
393
850
52
569
569
747
524
512
307
749
612
810
8
87
38
655
655
315
710
799
376
633
77
872
872
872
872
872
872
872
711
810
231
231
231
231
231
471
13
116
494
221
253
887
331
306
716
338
831
311
645
840
183
538
109
448
448
754
764
763
724
645
645
645
399
440
440
440
440
440
440
723
532
27
793
23
882
806
317
458
287
287
287
570
428
619
877
226
217
50
715
863
890
898
661
81
429
496
106
73
73
304
751
112
4
734
822
822
822
415
609
609
845
379
676
245
837
45
75
525
842
842
34
12
142
142
262
727
265
413
886
8
672
575
683
778
287
247
612
399
429
606
606
481
844
476
587
483
412
92
581
635
167
188
560
380
200
880
880
880
642
188
227
137
156
413
810
731
731
356
356
670
100
604
542
542
678
115
115
115
409
419
220
885
88
703
557
180
180
180
180
544
274
348
733
94
906
906
193
56
56
56
630
381
461
461
768
715
134
838
528
491
578
807
177
393
664
470
802
246
690
29
513
654
586
586
871
280
860
301
273
37
467
645
645
645
645
271
180
108
733
208
824
824
867
128
612
618
896
679
795
371
506
526
433
13
298
462
462
462
462
462
462
462
462
526
212
212
212
308
479
671
251
41
41
204
466
508
849
915
866
866
866
866
866
866
866
866
866
866
866
866
866
866
866
866
866
866
866
866
866
866
40
908
156
124
118
284
736
736
263
676
792
812
264
400
328
74
876
790
241
171
181
721
102
610
22
22
22
22
306
336
708
416
333
657
634
502
813
758
620
358
754
438
621
690
312
515
37
712
843
670
671
671
894
912
102
335
893
893
382
27
915
866
541
883
364
364
364
364
364
364
364
364
134
622
622
80
636
696
98
338
338
338
338
338
338
338
338
338
338
338
338
338
338
338
338
338
338
338
338
338
338
338
338
338
338
338
338
136
113
777
757
803
48
532
100
144
636
771
75
612
25
355
355
29
0
662
234
915
685
685
35
35
880
310
169
763
568
806
541
845
226
677
218
263
694
281
613
308
382
17
204
413
92
816
616
447
105
616
444
517
791
211
552
13
699
722
776
776
776
350
788
577
277
96
336
495
360
290
776
27
27
27
599
418
29
63
91
342
342
880
707
49
245
405
493
23
456
882
575
470
664
557
328
274
427
906
551
702
502
306
322
793
164
164
555
652
652
652
652
761
805
715
715
112
407
855
820
456
183
485
209
384
384
24
173
41
494
97
777
82
371
464
70
182
248
751
751
488
570
626
831
207
538
852
272
272
513
513
46
679
451
866
217
812
612
604
604
604
604
604
604
604
278
636
38
496
390
135
534
472
472
685
81
721
127
507
554
616
160
440
707
545
60
641
78
573
865
865
757
757
757
757
757
757
757
284
814
235
178
686
839
634
404
877
392
794
794
273
8
348
218
89
151
345
597
883
43
17
405
10
740
643
829
818
477
777
836
761
851
153
200
619
252
94
105
212
486
159
663
495
495
685
881
762
837
308
619
62
530
636
468
540
637
193
630
537
670
489
633
692
422
786
152
123
121
246
406
511
733
565
434
488
332
57
332
429
883
34
492
495
848
220
296
567
413
186
365
344
675
80
296
296
357
127
448
480
426
872
146
197
687
711
631
257
303
110
768
907
253
62
62
62
62
62
62
62
62
62
62
485
9
910
705
483
738
378
669
185
900
900
900
900
426
443
456
783
783
748
904
523
256
859
669
453
806
640
344
324
203
203
632
352
196
886
414
859
895
406
824
460
226
285
211
589
589
589
445
815
293
902
858
858
858
858
858
858
858
858
858
858
858
858
858
858
858
858
858
858
858
858
858
858
858
858
858
858
858
858
858
858
858
858
858
858
858
858
858
858
858
858
858
858
858
858
858
858
858
858
858
858
858
858
858
123
148
463
558
267
392
271
156
114
616
658
317
508
92
692
476
506
506
633
631
172
540
540
351
577
85
740
740
248
708
637
719
692
692
577
103
101
300
839
368
692
192
702
66
66
442
384
577
712
336
313
300
51
27
651
769
556
310
310
114
379
736
823
276
538
775
114
641
876
414
562
505
505
505
505
505
505
505
505
505
505
505
505
505
505
505
505
505
505
505
505
505
505
505
505
505
505
505
505
505
505
505
505
505
505
505
505
505
505
505
505
505
505
505
505
505
505
505
505
505
505
505
505
505
505
505
505
505
505
505
367
14
289
433
83
910
77
838
882
413
411
443
643
438
176
494
255
486
609
634
304
692
170
170
842
549
549
284
743
686
877
565
273
326
580
740
19
841
910
97
97
97
97
97
97
97
97
97
97
97
97
97
97
97
97
97
97
97
97
97
97
97
97
97
97
97
97
97
97
97
97
97
97
97
97
97
97
97
97
97
97
97
97
97
97
97
97
21
875
688
432
432
400
413
131
576
908
386
144
777
280
626
551
450
551
551
551
360
735
554
128
872
202
579
458
42
402
477
883
572
752
164
529
523
577
577
577
189
18
727
765
186
373
169
169
169
169
169
169
169
169
169
169
169
223
653
796
34
34
34
34
34
34
34
186
607
395
181
421
523
313
623
185
185
771
843
765
508
66
419
343
343
343
343
343
343
232
31
126
89
398
322
816
246
687
450
593
910
185
649
27
27
27
27
27
27
27
27
27
27
27
27
27
27
27
27
27
27
27
27
27
549
516
422
908
20
205
481
821
568
334
747
415
415
415
415
415
415
415
415
415
415
415
415
415
103
75
95
446
308
304
750
57
702
154
473
30
101
5
5
802
94
94
94
94
94
94
94
94
94
94
94
94
94
94
94
94
94
94
94
94
94
94
94
94
94
94
94
94
94
94
94
94
94
94
94
94
94
94
94
94
94
94
94
94
94
94
94
94
94
94
94
94
94
94
94
94
94
94
94
94
94
94
369
711
711
299
299
178
178
178
310
899
347
347
508
186
828
411
15
245
418
67
526
494
525
54
62
829
64
75
614
396
192
822
498
376
884
592
664
678
151
183
248
132
530
756
756
756
756
756
756
756
756
756
756
496
496
496
496
496
496
496
441
427
427
427
427
427
427
427
427
427
427
427
427
427
427
427
427
427
427
427
427
427
427
427
427
427
427
427
427
427
427
427
427
427
427
427
511
511
864
106
202
472
778
905
644
840
77
28
559
559
559
559
652
424
11
773
4
387
0
774
392
678
7
576
8
317
188
24
814
807
451
585
13
557
557
557
557
787
663
595
595
595
595
595
775
627
517
112
655
336
63
162
348
836
166
913
96
23
388
774
208
46
42
42
42
526
412
244
600
480
696
267
493
493
493
513
315
239
191
350
126
886
462
782
483
525
26
91
621
621
621
621
621
621
621
621
621
621
621
370
86
86
718
393
474
752
780
698
55
388
193
299
70
673
255
515
426
29
90
843
398
440
52
544
902
818
109
687
120
378
391
490
465
369
369
369
884
199
199
203
203
746
898
436
394
351
736
642
106
251
417
710
280
508
636
678
30
866
305
305
305
193
782
592
140
902
52
531
474
696
160
618
895
542
624
624
875
60
278
486
56
2
592
308
598
563
588
188
75
527
218
218
218
218
218
218
218
218
218
218
218
218
218
218
218
218
218
218
218
218
218
218
218
218
218
218
218
218
218
218
218
218
218
218
218
218
218
218
218
218
218
218
407
92
589
449
684
730
730
433
662
521
167
693
682
46
671
671
671
671
671
671
671
671
671
671
671
671
671
306
848
806
366
387
375
423
567
227
909
247
790
579
435
331
366
832
916
458
503
447
225
315
140
222
97
308
916
779
532
532
532
532
532
532
532
532
532
532
532
532
532
532
532
532
532
532
532
532
532
532
532
532
532
532
532
532
532
532
532
532
532
847
167
640
735
711
109
109
192
394
677
598
385
6
648
225
442
62
62
62
591
591
591
591
591
591
591
591
534
534
534
534
534
60
132
119
686
686
686
686
686
686
535
613
826
17
710
394
193
571
8
122
916
649
649
649
649
649
649
649
649
649
649
649
649
649
649
649
649
649
649
649
649
649
649
649
649
649
649
649
649
649
649
649
649
649
649
649
649
649
649
649
649
649
649
649
649
649
649
649
649
649
649
649
649
649
649
649
649
649
649
649
649
649
649
649
649
649
649
649
649
649
649
649
649
649
649
649
649
649
649
649
649
649
649
649
649
649
649
649
649
649
649
649
649
649
649
649
649
649
649
649
649
649
649
649
118
887
18
488
364
695
168
749
880
817
234
404
139
826
826
826
826
826
826
826
826
20
377
218
317
145
13
12
54
54
208
900
448
402
402
731
635
702
729
729
729
729
729
729
544
820
877
562
391
323
340
559
332
480
636
567
144
775
653
342
235
235
131
659
558
322
850
612
530
832
321
14
824
38
717
813
582
797
797
772
226
270
177
744
90
510
306
306
726
337
450
762
29
792
257
381
712
712
815
881
644
510
493
736
831
686
686
686
686
686
686
686
686
686
686
686
686
686
686
686
686
686
686
642
869
663
538
711
542
392
19
813
748
24
163
518
330
889
855
41
909
187
93
29
746
805
148
709
531
531
836
462
528
9
230
252
878
893
50
50
849
696
443
868
591
273
152
14
14
791
661
163
906
702
702
157
353
795
407
359
683
733
328
474
651
790
790
790
790
790
790
790
790
84
660
103
515
798
256
565
565
565
565
565
565
729
34
90
858
803
541
92
92
92
817
592
13
241
758
715
398
371
771
805
730
714
799
140
270
532
191
533
275
472
130
130
130
155
728
728
873
145
23
224
85
86
765
355
164
618
369
405
458
344
803
90
197
868
820
171
749
221
620
364
412
235
817
884
543
232
872
498
555
155
722
818
242
748
256
406
406
448
803
811
166
407
874
434
783
783
783
783
783
824
337
36
818
736
656
458
408
151
357
374
872
767
506
453
405
405
662
435
305
904
265
663
570
891
802
802
802
802
463
318
292
419
752
157
503
48
193
597
167
110
137
575
439
672
209
209
209
209
209
209
394
700
716
847
187
638
364
670
802
808
492
454
41
376
917
359
668
577
372
85
359
721
721
457
39
149
567
354
902
88
287
194
482
69
170
589
589
589
256
66
25
8
870
282
678
406
323
137
405
861
65
65
65
261
315
151
798
296
786
97
445
435
73
67
67
701
663
802
444
808
54
293
324
324
324
324
324
324
122
507
332
332
74
49
271
658
373
408
145
494
651
584
809
62
464
365
848
562
811
543
543
543
543
543
543
543
543
543
543
543
543
543
543
274
501
505
273
385
31
163
617
324
487
917
92
79
73
141
350
731
692
692
18
136
268
848
898
337
170
622
703
101
444
774
822
718
718
357
357
357
357
357
357
357
357
357
357
357
357
357
357
357
357
357
357
357
357
357
357
357
409
73
2
440
414
619
25
161
618
295
419
869
614
29
29
29
29
860
860
860
860
389
226
256
835
156
414
433
326
118
396
605
605
605
605
605
605
605
563
67
67
67
510
541
541
541
787
1
793
49
620
289
668
645
629
546
22
130
675
814
159
617
285
563
133
381
719
418
418
74
306
843
648
171
488
160
651
290
29
861
165
78
563
563
563
563
563
563
563
563
563
563
563
563
563
563
563
563
563
563
563
563
563
563
563
563
563
563
563
563
563
632
6
468
343
730
668
651
487
487
564
71
71
364
110
634
634
496
491
491
491
436
436
304
743
2
229
473
173
896
896
633
115
268
268
268
268
268
268
268
840
58
433
178
621
147
362
171
669
174
839
402
402
661
485
473
473
285
773
190
42
524
804
804
346
48
806
753
82
82
239
731
715
354
259
815
412
692
75
293
100
437
642
769
789
741
431
710
309
905
77
342
355
355
297
867
241
643
298
307
657
381
546
546
648
356
161
161
908
254
573
573
682
507
127
42
42
27
769
811
76
593
325
787
162
490
124
504
845
422
453
346
325
325
12
653
64
393
75
713
9
620
703
263
454
645
771
581
581
581
688
58
432
759
134
285
344
181
447
94
306
212
21
728
665
367
135
135
135
135
677
280
200
330
740
173
340
442
136
781
781
781
781
896
781
634
662
729
870
67
571
265
715
175
446
423
270
752
635
469
562
382
382
97
876
320
377
336
828
199
509
29
820
645
292
58
686
186
796
498
139
139
308
329
404
283
682
110
706
34
123
423
682
863
66
66
66
66
779
821
564
238
239
474
616
616
8
897
518
653
277
754
754
600
463
632
358
780
780
200
865
444
662
629
629
555
450
842
678
134
606
801
378
467
467
467
705
202
705
26
854
581
213
839
181
126
376
18
726
100
828
166
880
289
113
585
33
3
222
661
845
160
55
711
43
611
260
260
8
813
225
213
213
10
807
426
109
248
552
486
444
507
764
533
705
726
822
79
393
115
260
793
36
187
213
270
158
435
435
435
141
418
621
23
821
818
225
888
520
334
219
219
219
219
155
80
80
841
694
844
456
659
831
538
916
484
653
258
538
868
623
751
398
781
446
507
75
328
754
363
244
61
333
765
396
396
730
180
654
654
134
581
192
52
494
731
52
60
60
644
488
598
772
194
610
252
235
316
792
695
695
695
644
806
318
149
868
829
174
524
524
642
354
260
556
666
101
101
101
748
719
595
663
31
656
644
644
520
514
498
714
714
206
206
206
206
206
206
206
206
11
209
209
209
209
209
209
701
63
904
427
869
304
576
79
216
750
603
118
364
364
124
674
112
225
682
92
821
821
821
821
821
821
821
821
821
821
821
821
821
821
821
821
821
821
821
821
504
123
662
408
643
511
166
166
617
896
177
827
827
827
679
240
73
366
370
556
25
449
32
35
313
150
578
437
437
437
437
437
437
437
437
437
437
437
437
84
690
662
766
42
42
743
743
743
530
166
740
20
69
512
187
865
490
542
774
429
43
107
107
107
795
413
413
413
413
663
80
862
647
294
257
105
872
872
189
822
795
216
865
620
746
113
621
27
360
360
23
392
307
883
883
883
883
883
883
883
883
883
883
883
883
883
883
883
883
883
883
883
883
883
883
194
341
394
237
449
271
271
271
271
650
372
530
773
150
824
290
433
778
423
801
682
300
99
629
180
180
180
180
105
2
2
61
310
363
276
702
702
702
848
241
241
241
241
157
272
813
394
721
167
305
175
697
338
503
603
806
19
641
311
311
311
311
311
820
405
611
179
117
52
284
297
113
773
660
568
735
591
69
69
69
892
123
883
369
844
310
852
279
267
272
43
130
160
240
771
472
320
258
343
499
553
395
43
851
509
816
771
159
812
622
228
786
664
371
237
237
237
237
671
651
171
211
30
621
432
160
782
672
13
514
74
450
857
751
85
513
54
196
104
131
50
441
441
25
672
672
847
811
500
301
309
309
309
309
309
309
431
64
658
820
273
273
362
334
334
433
404
88
625
0
340
340
157
157
157
857
857
857
351
420
73
584
617
734
715
667
435
435
0
599
365
71
181
844
380
791
168
299
299
299
693
441
661
110
135
135
325
376
20
325
895
177
177
442
506
775
155
172
474
889
147
401
585
325
261
210
57
442
136
37
493
482
336
269
184
257
557
496
582
193
517
167
167
170
872
610
855
729
765
287
464
914
914
914
914
435
125
125
759
20
386
51
417
89
365
74
582
108
51
111
292
309
309
668
789
151
862
388
319
292
342
189
229
331
331
331
331
331
331
331
331
331
331
331
331
36
517
795
210
212
181
52
232
567
281
650
818
825
365
499
15
15
416
788
307
903
507
356
137
483
744
634
775
346
823
87
677
119
782
733
507
76
914
662
308
741
101
218
836
186
583
595
595
201
260
465
508
245
86
124
560
747
747
868
276
605
474
474
474
359
870
411
478
912
226
246
70
400
65
556
402
344
775
320
320
320
320
320
320
320
320
320
320
320
320
320
530
618
175
909
878
878
640
640
640
640
640
640
640
640
640
677
384
727
801
26
556
11
481
481
481
481
481
481
481
481
481
481
481
481
481
481
481
481
481
421
485
840
551
897
897
579
545
383
85
85
793
44
150
432
624
673
467
204
463
167
379
74
306
101
25
690
88
98
894
823
823
109
457
504
773
558
138
752
752
57
861
395
482
662
439
632
632
251
323
565
718
527
111
145
906
906
906
906
906
906
906
906
744
629
268
40
579
356
316
556
439
426
273
26
75
91
342
471
488
285
866
52
104
566
863
863
355
889
510
333
499
499
799
657
487
625
368
755
666
666
208
372
372
242
764
764
764
764
764
764
764
764
764
764
764
764
764
764
764
764
764
764
764
764
764
764
764
764
811
846
846
846
297
97
387
389
389
389
389
389
389
389
389
389
389
389
389
439
858
137
725
807
190
829
633
135
445
604
823
38
185
705
873
851
412
324
866
338
532
320
581
556
392
509
113
489
897
680
680
11
837
818
914
914
904
268
825
619
403
530
530
306
308
747
669
273
702
780
686
286
729
284
818
309
865
634
879
635
8
629
614
688
640
711
711
766
814
876
116
899
577
519
512
143
88
519
73
361
303
853
307
578
842
592
668
412
717
563
551
434
571
262
308
519
162
280
368
368
58
238
238
238
484
40
815
264
730
219
530
331
292
151
634
405
75
484
508
311
235
2
110
58
553
723
629
76
113
408
238
393
776
297
631
521
337
707
785
149
8
575
658
478
726
374
883
445
119
473
756
532
653
127
578
467
850
479
543
543
543
543
223
887
41
41
41
41
41
617
617
617
617
746
338
508
527
527
853
475
572
262
661
229
2
221
37
555
365
483
674
98
499
288
12
626
878
479
558
558
558
558
558
558
558
558
558
558
558
439
282
42
586
323
659
592
840
427
201
775
163
773
120
824
262
262
300
306
478
855
849
221
611
207
720
159
219
607
119
876
876
66
736
240
240
240
240
467
583
742
386
257
257
257
257
257
664
814
75
699
699
699
699
699
59
59
59
59
492
492
492
492
79
143
15
380
449
493
495
558
558
714
367
766
694
526
67
67
383
824
204
809
820
622
358
485
446
664
743
370
818
462
152
152
152
138
25
231
75
229
229
611
169
900
189
727
874
874
874
874
874
874
874
734
575
651
342
821
294
248
107
363
329
907
907
907
907
907
722
814
436
727
817
66
806
361
218
204
754
450
663
65
321
832
226
226
226
226
226
688
642
182
182
182
504
477
93
107
380
388
533
665
665
665
665
665
751
862
833
733
733
759
529
720
836
595
608
458
814
812
294
524
524
736
736
537
105
650
763
794
552
28
558
558
112
121
665
670
670
687
281
596
521
225
511
514
244
122
317
341
717
7
799
791
80
175
57
816
712
651
726
736
557
557
557
361
24
197
473
323
123
225
93
404
821
792
807
592
388
312
714
883
653
692
151
712
565
231
231
887
223
307
859
904
904
115
115
115
115
115
115
115
855
721
476
879
879
178
209
285
479
435
378
378
378
378
378
378
378
883
516
516
67
33
369
78
523
165
44
436
117
19
230
861
604
377
166
909
318
330
286
256
256
256
256
256
256
256
256
256
256
311
763
395
667
54
54
680
680
229
667
318
372
444
748
405
813
87
188
238
131
624
356
326
114
299
12
491
643
183
810
27
469
326
722
722
492
492
721
471
471
725
662
700
652
240
240
155
178
249
738
251
336
9
668
467
811
106
52
52
8
583
243
677
486
486
426
569
897
155
155
155
155
155
155
155
155
155
155
155
155
701
648
137
254
74
59
23
367
299
370
724
548
368
368
368
368
368
57
144
555
725
789
449
91
842
635
852
167
394
420
771
224
399
9
557
360
835
872
615
550
13
830
917
917
917
917
917
917
491
460
460
723
299
828
41
444
444
444
466
26
315
175
296
240
240
240
240
240
240
70
230
585
642
829
617
866
488
626
684
849
721
638
638
638
638
638
724
353
652
814
530
225
356
336
336
336
336
336
524
444
555
228
170
581
544
523
137
44
771
368
807
496
457
506
622
622
27
25
388
876
17
109
860
548
21
756
161
424
372
675
208
77
312
437
247
153
241
241
241
241
241
241
241
241
241
241
241
241
241
241
241
241
241
241
241
241
241
241
241
241
241
241
241
241
241
241
241
241
241
241
31
291
285
802
837
174
558
376
859
263
403
155
829
540
351
198
482
159
219
321
320
821
693
255
112
770
664
727
278
899
899
899
228
487
450
652
549
369
865
190
664
66
631
408
222
542
30
751
751
751
751
741
741
513
170
220
818
818
669
124
787
6
414
818
752
401
356
907
629
629
103
443
443
443
443
443
402
652
652
812
527
102
817
594
733
307
76
358
338
87
181
111
257
401
401
205
8
703
74
193
199
152
27
778
686
20
20
20
489
789
641
891
524
535
501
626
612
355
442
442
1
431
431
60
339
518
419
450
775
80
833
44
784
908
237
243
320
264
104
89
462
462
462
462
593
878
185
664
662
898
898
898
898
898
898
506
371
371
592
861
861
73
771
374
311
371
152
730
81
187
810
915
231
231
854
905
468
180
485
910
462
574
632
137
535
77
142
457
57
648
828
827
591
161
651
651
225
472
134
377
284
393
393
393
393
393
393
393
565
355
390
390
796
291
291
291
291
555
555
555
555
555
555
555
555
555
555
555
555
555
555
555
555
555
555
555
555
555
555
555
555
555
555
555
555
555
555
555
555
555
555
555
555
555
555
555
555
555
555
555
555
555
555
525
471
471
471
123
647
15
648
410
331
492
487
473
32
723
382
382
382
120
632
55
460
573
75
14
885
836
477
361
661
832
751
718
205
389
325
855
512
102
130
469
690
639
222
260
373
432
65
755
552
875
70
70
94
709
529
287
676
626
764
297
369
856
131
169
321
698
672
258
470
35
567
21
725
288
421
245
839
853
488
676
488
446
747
760
415
536
536
129
173
244
153
649
792
91
91
40
221
413
738
154
849
290
189
498
489
174
47
171
420
886
106
908
645
594
614
652
615
111
270
744
463
463
693
158
194
567
249
234
788
788
662
232
24
594
700
391
391
391
352
449
566
399
620
246
546
727
414
273
581
289
185
185
278
400
633
283
123
408
441
441
317
57
868
729
106
791
43
43
43
43
43
43
43
43
43
43
43
43
43
43
43
43
43
43
43
43
43
43
43
43
43
43
43
43
43
43
43
43
43
43
43
43
43
43
43
43
43
43
43
43
43
43
43
43
43
43
43
43
43
43
43
43
43
43
43
43
43
43
43
43
43
43
43
43
43
43
43
43
43
43
43
43
43
43
43
43
43
43
43
43
43
43
43
43
43
43
43
43
43
43
43
43
43
43
43
43
43
43
43
43
43
43
43
43
43
43
43
43
43
43
43
43
43
43
43
43
43
43
43
43
43
43
43
43
43
43
43
43
43
43
43
43
43
43
43
43
43
43
43
43
43
43
43
43
43
43
43
43
43
43
43
43
43
43
43
43
43
43
43
43
43
43
43
43
43
43
43
43
43
43
43
43
43
43
43
43
43
43
43
43
43
43
43
43
43
43
43
43
43
43
43
43
43
43
43
43
43
43
43
43
43
43
43
43
43
43
43
43
43
43
43
43
43
43
43
43
43
43
43
43
43
43
43
43
43
43
43
43
43
43
43
43
43
43
43
43
43
43
43
43
43
43
43
43
43
43
43
43
43
43
43
43
43
43
43
43
43
43
43
43
43
43
43
43
43
43
43
43
43
43
43
43
43
43
43
43
43
43
43
43
43
43
43
43
43
43
43
43
43
43
43
43
43
43
43
43
43
43
43
43
43
43
43
43
43
43
43
43
43
43
43
43
43
43
43
43
43
43
43
43
43
43
43
43
43
43
43
43
43
43
43
43
43
43
43
43
43
43
43
43
43
43
43
43
43
43
43
43
43
43
43
43
43
43
43
43
43
43
43
43
43
43
43
43
43
43
43
43
43
43
43
43
43
43
43
43
43
43
43
43
43
43
43
43
43
43
43
43
43
43
43
43
43
43
43
43
43
43
43
43
43
43
43
43
43
43
43
43
43
43
43
43
43
43
43
43
43
43
43
43
43
43
43
43
43
43
43
43
43
43
43
43
308
645
743
700
79
275
526
657
895
32
285
644
644
644
446
736
546
735
3
824
396
814
367
519
305
66
97
540
19
826
824
810
810
870
23
537
873
873
873
175
794
408
701
711
386
907
78
350
439
439
74
896
435
255
63
63
831
152
608
610
457
677
707
257
874
794
164
766
6
379
563
879
879
661
617
370
515
515
411
16
16
686
667
544
207
742
742
523
820
257
764
907
409
454
782
126
391
571
384
347
625
625
726
373
631
187
196
771
1
814
814
401
694
485
417
462
412
43
43
43
43
847
414
744
10
672
768
768
3
341
305
45
468
696
617
112
304
502
838
677
216
216
285
874
247
247
247
247
464
30
648
418
693
325
140
187
546
247
247
602
373
257
356
401
439
875
706
484
66
663
361
715
49
864
813
904
340
180
860
765
822
150
495
322
843
80
462
113
626
710
893
259
259
49
49
49
509
661
666
466
627
27
152
550
772
867
599
599
718
23
764
764
318
203
884
165
286
117
838
608
220
0
153
511
805
123
486
324
350
255
67
99
722
873
510
874
505
364
83
365
343
106
211
839
488
355
87
774
472
472
7
7
7
464
693
186
795
464
73
178
33
575
575
575
575
575
575
529
529
529
288
288
821
806
806
806
270
776
398
226
541
22
488
488
166
543
594
555
465
164
909
730
198
465
915
915
915
663
418
183
718
883
434
897
176
92
686
642
642
913
574
913
31
232
399
572
432
147
663
58
742
376
701
166
369
513
365
95
688
288
652
132
266
818
566
566
566
423
92
836
191
913
91
765
908
300
79
567
133
690
715
715
132
8
717
686
709
143
138
482
686
411
252
234
234
234
234
234
234
234
234
234
234
234
234
234
234
234
234
234
234
234
234
234
234
234
234
234
234
234
234
234
234
234
234
234
234
234
234
234
234
234
234
234
234
234
234
234
234
234
234
234
234
234
234
234
234
234
234
234
234
234
234
234
234
234
234
234
234
234
234
234
234
234
234
362
384
501
279
279
279
279
279
279
211
6
371
307
198
198
198
544
577
223
223
712
877
877
877
877
481
481
362
270
253
337
337
337
337
337
402
261
136
171
52
457
487
487
712
226
898
224
460
342
609
43
43
43
43
43
43
43
43
43
43
43
621
80
228
253
565
604
604
604
57
224
827
770
362
390
390
392
632
632
821
729
729
117
164
164
125
125
466
394
582
35
188
808
15
591
529
535
460
750
417
540
60
848
365
664
905
578
752
17
212
402
409
104
306
220
399
470
470
470
470
470
523
865
125
366
900
491
256
175
164
45
889
624
796
388
424
856
496
790
781
661
640
615
679
852
99
170
38
405
569
616
136
174
563
261
540
540
540
540
546
546
12
57
721
177
102
692
801
158
340
486
97
96
358
138
758
80
753
697
192
112
112
112
112
112
867
408
696
696
106
92
131
670
531
849
476
543
543
543
166
279
720
269
232
782
427
750
350
702
847
886
840
865
226
853
644
644
644
644
644
644
418
226
771
826
4
728
193
96
859
123
805
790
599
67
67
67
67
67
67
67
67
67
67
39
138
411
486
548
453
173
381
63
136
488
488
488
31
236
613
613
257
172
517
853
398
548
21
580
358
25
854
299
337
741
350
196
431
567
335
842
842
842
313
883
377
664
524
524
618
800
94
649
119
119
119
119
707
166
469
484
101
127
115
301
301
301
707
707
707
707
473
515
643
33
113
644
561
309
157
210
822
260
701
788
815
447
394
516
330
667
66
627
634
634
634
634
634
634
634
634
770
356
201
131
483
316
432
450
450
450
789
208
353
822
321
321
79
465
808
414
853
713
674
636
583
572
344
237
348
674
904
773
561
621
625
917
82
757
660
398
271
192
269
657
545
352
352
352
352
60
624
77
129
298
191
842
55
87
685
627
431
182
57
365
169
169
90
8
8
50
716
185
132
733
845
708
264
264
297
237
4
842
589
242
726
845
371
107
118
295
340
383
240
49
815
423
284
262
770
552
449
80
528
528
528
634
390
343
740
740
740
740
740
740
740
740
740
740
740
740
740
740
740
740
740
740
740
740
740
740
740
740
740
740
740
740
740
740
740
740
740
740
740
740
740
740
740
740
740
740
740
740
740
740
740
740
740
740
740
740
740
740
740
740
740
740
740
740
740
740
740
740
740
740
740
740
740
740
740
740
740
740
740
740
740
740
740
740
740
740
740
740
740
740
740
740
180
786
297
595
50
222
267
292
208
372
664
493
668
219
219
833
133
133
133
133
133
133
133
638
142
30
321
321
321
321
321
321
321
321
321
321
321
321
321
321
604
293
173
239
2
431
767
767
767
814
821
371
814
261
239
194
856
289
594
594
383
759
802
15
15
505
378
683
897
293
817
801
614
107
204
300
578
377
507
580
66
389
477
149
20
373
588
588
588
259
567
644
726
243
170
567
306
185
333
862
129
496
415
206
379
111
313
583
412
892
220
33
33
661
288
600
469
615
620
843
285
139
670
71
865
174
419
419
693
693
693
693
693
693
693
693
693
693
693
693
693
693
693
693
693
693
693
693
693
693
693
693
693
658
605
286
602
602
912
782
99
200
421
211
513
264
264
623
665
484
818
480
32
517
209
209
647
219
134
192
359
359
359
359
359
359
359
359
359
359
359
359
359
359
359
359
359
359
359
359
359
359
65
263
263
263
263
263
263
263
263
484
417
683
437
157
548
723
19
542
765
118
2
268
268
268
268
507
515
532
390
441
276
307
181
486
486
486
486
824
390
393
393
303
703
585
840
28
109
585
585
585
445
792
104
780
600
88
799
224
853
177
226
204
863
1
1
914
335
620
451
451
642
801
19
726
73
413
413
290
237
258
258
212
265
367
57
888
419
162
10
101
29
69
503
363
424
907
567
369
909
742
705
611
275
607
673
472
416
416
207
145
706
622
582
178
147
31
236
117
451
576
576
576
127
730
86
374
316
449
798
305
277
29
474
279
23
346
661
822
101
286
320
486
610
286
190
274
274
274
643
337
483
139
632
16
715
19
7
801
393
323
510
273
628
787
701
363
326
916
709
140
821
810
427
427
401
378
297
866
746
571
591
165
136
730
57
331
705
76
338
766
647
839
358
2
727
406
882
172
661
880
881
873
783
783
33
560
445
445
445
589
857
393
417
688
66
760
84
56
817
593
761
153
191
191
609
609
609
609
609
609
609
609
609
609
609
609
609
609
609
609
609
609
800
112
49
63
100
633
27
272
448
907
414
581
33
447
401
478
119
340
871
536
288
197
197
557
372
253
456
456
48
96
788
239
705
670
530
14
909
630
630
648
20
902
356
188
398
19
221
106
106
106
106
106
106
106
106
106
106
106
106
106
106
106
106
106
106
106
106
106
106
106
106
106
106
106
106
106
106
106
106
106
106
106
106
106
106
106
106
106
106
106
106
106
106
106
106
106
106
106
106
106
106
106
106
106
106
106
106
106
106
106
106
106
106
106
106
106
106
106
106
106
106
106
106
106
106
106
106
106
106
106
106
106
106
106
106
106
106
106
106
106
106
106
106
106
106
106
106
106
106
106
106
106
106
106
106
106
106
106
106
106
106
106
106
106
106
106
106
106
106
106
106
106
106
106
106
106
106
106
106
106
106
106
106
106
106
106
106
106
106
106
106
106
106
106
106
106
106
106
106
106
106
106
106
106
106
106
106
106
106
106
106
106
106
106
106
106
106
106
106
106
106
106
106
106
106
106
106
106
106
106
106
106
106
106
