303
303
582
897
123
705
719
242
28
201
397
338
315
170
3
667
686
460
186
684
176
395
184
184
184
184
184
184
184
184
184
184
184
775
869
598
50
814
571
883
439
593
370
54
674
645
911
425
888
123
626
469
461
125
967
616
945
510
108
315
226
437
710
563
244
612
193
446
610
764
513
81
389
884
135
248
652
230
673
785
353
484
439
966
609
110
615
738
738
704
875
86
183
496
796
746
740
592
123
219
234
887
732
316
460
800
603
708
698
834
566
566
515
371
234
954
370
27
249
169
766
205
228
852
540
725
832
470
649
457
593
52
691
664
937
191
157
769
795
49
651
813
813
813
813
813
767
351
368
33
33
489
890
61
890
91
11
128
128
472
863
820
229
879
323
878
368
916
931
244
244
244
244
244
244
244
244
613
84
587
922
37
566
155
689
689
411
923
72
932
140
561
854
201
636
946
364
764
602
602
411
616
831
323
123
893
691
72
40
119
774
124
707
943
162
305
130
851
869
85
107
833
378
820
719
579
488
849
849
944
436
483
387
237
498
862
360
424
738
584
616
857
605
741
748
748
748
580
87
238
711
122
139
948
229
156
358
233
59
122
874
909
250
494
576
789
883
259
259
259
684
276
835
454
44
483
495
650
408
276
414
495
514
157
617
805
290
30
961
648
648
416
52
922
322
145
204
0
874
178
884
165
862
862
344
344
344
344
344
184
500
388
667
27
222
108
108
455
637
755
1
946
405
405
405
405
405
958
268
587
951
917
917
917
917
35
188
55
509
485
260
510
391
438
578
708
484
484
922
892
16
342
744
195
717
36
36
651
386
791
804
364
380
947
633
0
114
734
734
187
302
789
789
789
849
940
940
233
543
515
515
823
153
256
339
107
332
507
601
260
855
350
296
690
888
272
678
678
678
285
285
652
657
102
102
102
102
102
102
102
102
102
102
102
102
102
102
102
102
102
102
102
102
102
102
102
102
102
102
102
102
102
102
102
102
102
102
102
102
102
102
102
102
102
102
102
102
102
102
102
102
102
102
102
102
102
102
102
102
102
102
102
102
102
102
102
102
102
102
102
102
102
102
102
102
102
102
102
102
102
102
804
704
836
24
258
809
873
230
227
448
448
746
82
753
186
574
860
670
265
645
931
152
28
411
842
100
683
705
385
368
368
368
368
394
967
204
198
198
198
198
198
659
380
380
380
380
457
501
437
839
728
69
769
962
822
955
568
866
810
18
544
773
170
724
368
197
824
84
902
394
604
328
65
960
679
725
373
320
410
810
343
322
880
145
316
886
132
69
785
942
87
361
899
409
409
269
300
606
125
536
692
671
172
205
205
205
205
205
205
205
205
205
205
205
205
205
205
205
205
205
205
205
205
205
205
205
205
205
205
205
205
205
205
205
205
205
205
205
205
205
205
205
205
205
205
205
205
205
205
205
205
205
205
205
205
205
205
205
205
205
205
205
205
205
205
205
205
205
205
205
205
205
205
205
205
205
205
205
205
205
205
205
205
205
205
205
205
205
205
205
205
205
205
205
205
205
205
205
205
737
164
884
646
662
388
12
684
731
410
748
876
878
878
878
878
878
878
878
878
878
878
878
878
666
193
193
193
193
193
193
193
193
193
947
483
319
66
28
251
476
297
703
266
575
423
959
278
595
595
595
595
595
196
199
911
264
845
845
845
845
633
652
117
501
567
527
281
476
438
438
947
821
569
615
172
636
643
575
296
125
310
562
852
852
733
705
314
512
901
514
456
456
349
543
273
33
661
774
774
601
372
87
261
810
218
114
412
833
286
232
661
661
661
862
528
938
356
274
274
274
822
274
274
12
168
938
97
834
578
578
447
410
851
632
255
255
809
417
627
627
627
80
830
622
451
944
218
316
415
602
602
602
161
461
314
314
314
131
1
588
137
427
752
458
398
34
324
8
481
886
44
297
173
37
867
953
953
118
729
759
569
706
9
69
305
611
231
231
231
231
766
925
514
514
514
919
919
919
919
697
804
379
482
294
777
516
770
937
181
662
13
630
46
51
529
183
321
291
291
942
74
181
181
181
135
143
486
898
526
436
39
39
225
539
737
61
918
403
507
879
103
309
33
436
182
46
98
229
249
628
564
722
103
103
103
103
103
103
103
103
103
103
539
796
284
826
124
922
757
650
542
796
59
113
717
120
216
152
627
279
407
121
312
843
303
511
126
532
532
912
906
281
667
41
820
647
477
477
477
477
830
771
583
619
606
309
448
665
574
349
938
790
502
749
102
93
870
566
937
937
937
206
109
95
890
54
185
203
721
226
207
400
855
855
70
70
356
470
841
962
931
473
473
811
537
823
781
512
357
563
766
450
617
364
364
364
364
364
364
364
364
364
364
364
364
364
364
364
364
364
364
364
364
364
364
364
364
364
364
364
364
364
364
364
364
364
364
364
571
7
474
818
898
528
528
528
528
528
35
285
433
413
645
17
300
867
373
922
740
519
519
519
519
885
246
363
363
363
363
363
363
363
363
363
363
363
363
363
363
363
363
363
363
363
363
363
363
363
363
363
363
363
363
363
363
363
363
363
363
363
363
363
363
363
363
363
363
363
363
363
363
455
101
328
967
967
967
967
967
967
967
967
967
967
967
967
610
75
765
765
765
244
693
313
816
816
816
816
816
816
700
700
787
818
782
499
854
252
116
451
897
134
752
796
659
706
568
568
568
568
568
568
568
568
568
568
568
568
363
776
966
878
878
878
878
878
878
878
878
878
878
878
878
878
878
878
878
415
99
238
238
414
709
314
363
138
191
676
954
75
648
956
858
179
26
142
296
478
223
582
262
203
203
203
203
203
203
425
152
771
788
112
770
698
527
53
53
53
53
53
53
53
53
53
121
941
915
435
488
85
626
197
197
197
223
701
845
211
743
208
238
69
656
716
444
422
162
647
848
466
451
820
579
405
703
138
458
824
264
557
443
752
752
967
253
133
865
138
162
109
66
371
499
135
59
247
580
482
561
411
514
59
59
862
518
638
451
253
777
94
94
261
73
651
704
9
326
141
143
375
375
375
280
305
484
484
484
346
676
676
15
633
888
414
397
554
7
809
252
67
855
770
857
491
56
666
585
469
891
420
358
358
901
898
499
228
306
931
931
533
790
461
394
958
127
466
556
676
52
564
564
564
564
669
669
304
783
557
106
672
232
314
523
817
784
598
421
174
683
352
825
911
911
911
658
789
629
632
282
55
774
561
521
363
422
725
111
123
213
213
213
213
213
213
213
213
213
213
213
213
213
213
213
213
213
213
213
213
213
213
213
213
213
213
213
213
213
213
213
213
213
213
213
213
213
213
213
213
213
213
213
213
213
213
213
213
213
213
213
213
213
213
213
213
213
213
213
213
213
213
213
213
213
213
213
213
213
213
213
213
213
213
213
213
213
213
213
213
213
213
213
213
213
213
213
213
213
213
213
213
213
213
213
213
213
213
213
213
213
213
213
213
213
213
213
213
213
213
213
213
213
213
213
213
213
213
213
213
213
213
894
832
319
750
96
786
457
97
754
754
12
12
12
12
12
12
12
12
12
519
112
771
871
937
867
867
867
867
867
561
561
910
528
377
377
583
184
938
288
547
544
197
658
668
410
736
684
729
670
781
781
699
160
878
878
485
400
581
597
355
484
719
254
229
661
782
607
70
549
943
193
21
522
522
522
522
522
522
522
522
522
522
522
737
218
364
589
628
284
306
542
138
138
271
273
298
181
911
850
915
692
238
431
443
492
813
289
459
604
604
359
40
579
552
214
133
133
474
432
649
95
93
93
93
93
93
93
93
93
93
93
93
93
93
93
93
93
93
93
93
93
93
93
93
93
93
93
93
93
93
93
93
93
93
93
93
93
93
93
93
93
93
93
93
93
93
93
93
93
93
93
93
93
93
93
93
93
93
93
93
93
93
93
93
93
93
93
93
93
93
93
901
401
787
255
824
92
554
190
190
187
588
137
137
880
633
720
507
503
565
796
962
962
201
201
201
201
201
201
201
340
340
340
340
340
340
340
340
340
340
340
340
340
340
340
340
340
340
340
340
340
340
340
340
340
340
340
340
340
340
340
340
340
340
340
340
340
340
340
340
340
340
340
340
340
340
340
340
340
340
340
340
340
340
340
340
340
340
340
340
340
340
340
340
340
340
340
340
340
340
340
340
340
340
340
340
340
340
340
340
340
340
340
340
340
340
340
340
340
340
340
340
340
340
340
340
340
340
340
340
340
340
340
340
340
340
340
340
340
340
340
340
340
340
340
340
340
340
340
340
340
340
340
340
340
340
340
340
340
340
340
340
340
340
340
340
186
780
76
400
97
550
17
746
746
646
262
863
231
81
151
151
12
12
325
857
278
513
629
567
577
488
319
319
116
175
885
97
169
270
437
507
83
513
92
332
248
109
263
894
523
310
309
604
613
549
929
654
11
474
316
578
235
804
82
352
11
11
11
11
11
967
601
332
421
70
23
656
735
115
21
15
376
284
93
899
899
899
899
899
899
899
899
899
899
899
899
899
899
899
899
899
746
555
687
392
136
649
78
300
307
394
62
543
382
144
144
79
393
295
680
877
717
902
901
405
821
200
578
837
729
46
46
114
812
793
793
669
532
217
958
365
365
447
447
447
290
672
842
504
399
256
649
478
802
128
128
342
711
29
428
644
435
435
282
29
197
303
758
244
417
602
69
119
166
438
109
109
109
109
109
531
885
551
388
911
87
787
200
888
450
186
49
944
897
230
405
726
726
726
726
726
726
665
839
755
47
174
697
291
291
743
331
512
862
650
134
134
155
365
51
706
905
905
905
905
905
905
147
946
877
877
499
866
359
685
99
99
99
99
99
99
335
614
330
892
524
179
915
463
226
226
226
121
192
669
669
865
676
213
911
358
347
99
875
551
957
965
850
935
935
935
874
381
381
18
265
98
98
98
98
98
98
98
98
98
98
98
98
98
98
98
98
98
98
98
98
98
98
98
98
98
98
98
98
98
98
98
98
98
98
98
98
98
98
98
98
98
98
98
98
98
98
98
98
98
98
117
720
864
599
829
421
931
776
884
189
82
109
43
131
131
131
131
131
131
131
937
408
74
479
908
325
386
491
315
383
525
282
289
289
289
289
906
300
706
36
570
643
84
201
504
505
164
312
574
506
546
835
549
677
804
141
720
720
720
315
81
261
853
724
576
576
421
281
859
710
219
343
601
601
601
601
601
601
601
601
601
601
601
601
601
601
601
601
601
601
601
601
601
601
601
601
601
407
913
276
492
299
780
181
615
276
755
305
823
774
38
684
684
684
610
180
468
109
261
882
963
18
490
416
299
533
310
671
877
95
110
6
371
754
457
335
936
105
612
875
410
619
682
449
335
476
629
956
738
890
870
733
92
392
333
392
110
795
95
95
95
19
891
357
177
294
296
635
630
264
740
426
323
334
77
189
189
783
564
818
596
552
588
588
671
454
505
763
31
776
187
141
141
141
665
434
312
588
944
489
883
272
308
697
697
697
697
697
688
688
688
232
155
43
567
384
385
534
534
534
534
534
534
534
534
534
534
948
235
315
315
685
7
18
18
171
512
512
512
512
512
512
781
354
382
153
647
231
231
739
143
143
4
715
785
785
71
19
125
768
707
358
107
903
109
491
472
472
472
643
623
859
859
859
958
340
866
160
664
410
942
202
944
279
850
359
50
25
363
766
810
810
810
434
434
937
937
120
386
677
478
493
764
764
764
587
168
268
414
792
159
159
557
164
57
717
12
619
843
215
747
154
97
290
357
274
654
155
269
272
124
389
389
632
953
51
184
749
790
505
49
236
329
360
945
645
569
759
810
220
220
220
220
220
220
722
57
151
61
306
442
418
580
280
573
33
704
849
422
395
19
625
732
768
447
269
2
836
750
514
813
813
813
813
813
813
813
813
813
813
813
813
813
813
813
813
813
813
813
813
813
813
813
813
813
813
813
813
813
813
813
813
813
813
813
813
813
813
813
813
813
813
813
813
813
813
813
813
813
813
813
813
813
813
813
579
579
579
579
579
579
116
692
421
421
421
421
421
421
421
421
421
421
421
421
421
421
421
421
421
421
421
421
336
599
599
478
640
660
660
660
660
660
936
266
262
701
701
701
698
19
734
434
434
434
868
341
830
887
887
887
887
966
746
840
446
199
26
314
314
949
540
311
651
656
36
166
177
787
796
1
631
631
765
267
893
498
965
912
416
583
964
757
597
884
756
375
375
375
375
375
908
234
574
118
548
707
658
859
604
499
79
79
79
79
79
79
79
79
79
79
79
79
79
79
79
79
79
79
79
922
828
50
750
829
681
699
699
128
606
606
606
606
381
277
550
798
44
547
587
967
615
375
49
707
761
776
825
493
493
493
493
493
493
667
667
537
455
198
616
409
58
58
58
58
819
819
819
344
71
532
75
75
351
323
609
628
57
439
673
756
756
210
499
403
738
700
294
531
508
303
57
360
3
594
815
353
394
409
564
397
753
753
753
753
753
753
753
753
753
635
930
12
19
437
621
799
494
244
656
283
455
455
187
776
776
776
776
776
377
888
888
888
888
888
888
888
888
888
888
888
888
888
888
888
888
888
888
888
888
888
888
888
888
888
888
317
92
580
620
149
124
623
623
895
940
940
940
9
474
381
725
55
318
392
392
169
330
563
606
606
606
606
952
952
395
395
395
395
395
395
133
228
235
568
835
423
438
244
495
755
337
107
560
638
232
232
215
718
356
376
376
889
133
431
239
678
601
569
273
391
705
820
820
524
524
118
12
276
953
663
867
382
190
806
806
806
871
449
398
398
398
398
693
833
614
443
373
174
3
294
460
460
460
587
685
322
372
439
747
763
176
886
472
294
840
748
432
535
647
814
814
877
486
717
510
884
442
376
682
70
749
41
225
228
501
812
913
7
216
536
754
12
713
538
636
191
410
416
623
129
96
621
190
734
370
701
650
965
109
517
219
42
785
444
270
243
441
368
250
809
904
36
821
801
575
641
177
169
90
713
299
338
454
489
104
8
8
374
906
157
483
455
376
376
376
678
197
5
948
440
446
500
842
287
287
287
287
287
287
287
287
287
287
589
879
293
574
638
638
934
751
959
208
584
442
546
222
222
116
650
230
490
589
540
158
228
916
836
426
105
0
866
703
501
741
23
274
274
274
274
274
274
804
468
848
626
586
784
617
795
552
244
244
244
244
244
373
774
360
208
188
850
797
880
40
57
829
876
483
118
877
534
822
562
459
459
459
29
20
295
497
52
52
52
52
52
52
52
52
52
52
52
52
52
52
52
52
52
52
52
52
52
52
52
52
52
52
52
52
52
52
52
52
52
52
52
52
52
52
52
52
52
52
52
52
52
52
52
52
52
52
52
52
52
52
52
52
52
52
52
52
52
52
52
52
52
52
52
52
52
52
52
52
52
52
52
52
52
52
52
52
52
52
52
52
52
52
52
52
52
52
52
52
52
52
52
52
52
52
52
52
52
52
52
52
52
52
52
52
52
52
52
52
52
52
52
52
52
52
52
52
52
52
52
52
52
52
52
52
52
52
52
52
52
52
52
52
52
52
52
52
52
52
52
52
52
52
52
52
52
52
52
52
52
52
52
52
52
52
52
52
52
52
52
52
52
52
52
52
52
52
52
52
52
52
52
52
52
52
52
52
52
52
52
52
52
52
52
52
52
52
52
52
52
52
52
52
52
52
52
52
52
52
52
52
52
52
52
52
52
52
52
52
52
52
52
52
52
52
52
52
52
52
52
52
52
52
52
52
52
52
52
52
52
52
52
52
52
52
52
52
52
52
52
52
52
52
52
52
52
52
52
52
52
52
52
52
52
52
52
52
52
52
52
52
52
52
52
52
52
52
52
52
52
52
52
52
52
52
52
52
52
52
52
52
52
52
52
52
52
52
52
52
52
52
52
52
52
52
52
52
52
52
52
52
52
52
52
52
52
52
52
52
52
52
52
52
52
52
52
52
52
52
52
52
52
52
52
52
52
52
52
52
52
52
52
52
52
52
52
52
52
52
52
52
52
52
52
52
52
52
52
52
52
52
52
52
52
52
52
52
52
52
52
52
52
52
52
52
52
52
52
52
52
52
52
52
52
52
52
52
52
52
52
52
52
52
52
52
52
52
52
52
52
52
52
52
52
52
52
52
52
52
52
52
52
52
52
52
52
52
52
52
52
52
52
52
52
52
52
52
52
52
52
52
52
52
52
52
52
52
52
52
52
52
52
52
52
52
52
52
52
52
52
52
52
52
52
52
52
52
52
52
52
52
52
52
52
52
105
267
836
874
94
420
150
620
378
510
828
719
719
719
393
657
631
585
585
866
644
494
534
763
555
100
769
769
769
769
769
769
769
301
559
798
321
38
327
373
295
594
394
201
841
966
352
493
529
862
353
432
439
194
194
247
57
92
892
703
703
778
839
290
878
792
591
621
622
96
811
133
469
138
879
47
340
340
752
46
844
429
575
738
782
39
210
160
286
286
419
253
362
154
215
385
444
126
209
219
899
831
315
895
148
936
65
60
16
557
557
557
812
214
433
274
789
356
240
12
718
401
298
169
806
813
323
53
382
382
919
331
592
592
170
263
607
637
342
342
342
342
342
342
756
605
407
816
773
149
812
19
734
734
734
734
734
734
734
734
734
734
734
734
118
960
122
511
4
840
912
455
41
902
452
452
452
516
139
834
467
471
458
637
637
886
250
250
458
260
38
248
819
38
53
152
706
225
887
153
153
369
193
664
374
66
760
13
259
694
465
928
833
833
833
483
427
488
942
249
406
376
707
818
414
955
822
452
193
6
334
570
893
487
939
119
335
335
335
345
337
127
510
748
5
159
708
23
643
320
511
769
569
102
177
177
177
460
104
104
591
448
926
227
793
901
713
395
42
42
233
366
313
720
864
650
848
406
583
853
718
323
876
393
795
795
795
572
194
396
633
371
857
930
146
489
889
373
373
373
373
373
373
373
466
38
118
118
118
861
80
503
411
394
256
307
228
228
228
288
866
811
173
768
319
234
234
234
193
146
958
539
695
695
816
910
736
930
240
409
851
613
875
889
883
768
154
571
363
700
827
827
827
827
827
827
827
827
827
827
827
827
827
827
827
827
827
827
827
827
827
827
827
827
827
827
827
827
827
827
827
827
827
827
827
827
827
827
827
827
827
827
827
827
827
827
827
827
827
827
827
827
827
827
827
827
827
827
827
827
827
827
823
928
147
873
873
873
873
873
873
873
924
472
673
673
673
673
275
858
866
573
32
32
437
452
848
531
220
811
771
629
846
568
688
920
635
635
640
258
238
36
958
249
859
918
548
764
874
53
469
333
95
519
91
128
140
543
160
671
916
155
626
729
34
34
226
450
138
861
274
396
284
310
386
386
386
386
386
533
353
488
114
301
547
319
319
922
880
880
566
473
155
694
694
613
851
39
468
951
951
194
126
126
712
380
504
346
518
398
621
98
834
115
484
484
484
484
484
484
484
484
484
484
484
484
484
484
484
484
484
484
484
484
484
484
484
484
399
469
157
665
922
704
704
168
877
768
768
735
534
924
613
332
807
652
713
790
31
111
686
411
615
65
114
197
776
364
63
137
33
615
615
606
190
312
713
894
481
622
694
400
340
650
45
45
672
641
850
657
615
881
768
334
476
567
567
567
567
551
742
765
765
573
139
12
710
710
172
172
627
627
627
627
627
627
627
501
362
940
246
288
605
52
166
37
392
817
234
97
967
116
906
290
181
858
776
658
457
457
359
584
406
116
723
419
826
79
78
359
441
202
757
881
959
809
80
180
234
81
415
483
875
531
573
573
197
652
463
157
555
104
668
171
511
784
895
114
795
158
344
344
344
344
344
344
344
344
344
344
344
344
344
344
344
344
344
344
344
344
344
186
886
699
128
665
690
937
897
871
355
162
318
318
22
70
33
747
419
898
242
577
485
499
429
809
42
246
246
246
246
246
246
888
308
73
78
652
411
678
535
539
528
258
661
661
609
313
200
704
783
375
26
816
154
445
445
445
899
397
397
206
416
80
636
257
122
66
177
582
139
139
139
139
139
139
256
418
418
702
118
954
426
798
244
119
440
709
471
396
524
846
846
422
524
33
51
455
455
582
410
56
662
230
465
936
296
795
702
587
83
152
473
353
138
138
899
899
899
336
534
534
534
534
534
534
534
534
534
534
534
534
534
534
534
534
534
534
534
534
534
534
534
534
534
534
534
534
534
534
534
534
534
534
534
534
534
534
534
534
534
534
534
534
534
534
534
534
534
534
534
534
534
534
534
534
534
534
534
534
534
534
534
534
202
776
275
674
204
951
552
778
508
737
829
147
503
271
271
271
271
271
271
271
271
271
271
271
203
203
203
349
653
669
469
949
648
203
720
883
356
226
268
494
309
756
61
512
512
512
512
512
512
512
512
512
512
512
512
564
488
218
920
472
922
882
164
844
844
844
844
844
844
844
844
844
844
844
844
844
844
844
844
844
844
744
311
379
199
199
667
729
853
520
520
382
382
382
382
382
382
382
382
382
382
382
382
382
382
382
382
18
18
18
18
18
18
18
18
18
18
18
18
18
18
18
18
18
18
18
18
18
18
18
18
18
18
18
18
18
18
18
18
18
18
18
18
18
18
18
18
18
18
18
18
18
18
18
18
18
18
18
18
18
18
18
18
18
18
18
18
18
18
18
18
18
18
18
18
18
18
18
18
18
18
18
18
18
18
18
18
18
18
18
18
18
18
18
18
18
18
18
18
18
18
18
18
18
18
18
18
18
18
18
18
18
18
18
18
18
18
18
18
18
18
18
18
18
18
18
18
18
18
18
18
18
18
18
18
18
18
18
18
18
18
18
18
18
200
200
586
891
115
942
301
535
620
610
324
681
154
72
354
524
177
633
479
91
22
355
19
485
886
886
371
336
799
408
856
214
578
12
713
501
355
355
355
926
954
891
578
597
399
292
903
471
646
460
800
656
123
892
830
478
95
499
548
466
836
380
874
724
746
485
965
578
578
578
170
504
504
536
157
427
146
906
10
590
841
634
420
333
466
260
608
542
122
118
638
774
819
136
967
383
195
398
161
832
547
891
34
84
459
191
663
757
281
674
532
155
340
136
640
806
806
549
281
381
823
551
551
551
203
629
402
402
339
303
785
686
854
130
550
433
53
585
517
664
928
365
454
242
71
170
170
170
170
170
170
170
170
170
170
170
549
411
458
221
401
39
502
934
863
238
169
524
792
661
828
610
379
866
740
930
930
930
930
930
930
930
930
930
930
930
930
930
930
930
930
930
930
930
930
930
930
930
930
930
930
930
930
930
930
930
930
930
930
930
930
930
930
930
930
930
930
930
930
930
930
930
930
930
930
930
930
930
930
930
930
930
930
930
930
930
930
930
930
930
930
930
930
930
930
930
930
930
930
930
930
930
930
930
930
930
331
946
699
33
967
811
811
398
280
237
469
450
786
64
909
909
192
617
617
617
617
617
132
846
584
27
116
753
704
704
909
598
564
703
10
10
462
462
462
462
627
124
124
124
124
945
605
7
10
10
280
2
560
560
560
560
560
560
560
560
560
560
560
560
560
240
213
195
195
195
195
195
195
195
195
195
195
195
195
195
195
195
195
195
195
195
195
210
277
288
402
79
79
420
281
281
281
281
281
281
281
281
281
281
281
281
281
281
281
281
281
281
281
281
281
281
281
663
448
397
886
336
490
231
84
225
393
698
853
669
675
967
828
838
922
830
430
667
102
796
862
313
257
182
867
867
336
602
180
31
234
730
730
730
730
730
730
632
570
252
47
654
630
592
384
667
293
293
293
293
293
293
293
293
293
293
293
293
293
293
293
244
341
305
114
296
167
696
963
422
524
857
887
887
782
223
786
150
150
150
150
150
150
150
150
150
150
150
150
150
150
150
150
150
150
825
825
825
825
825
825
825
825
825
825
967
967
334
244
881
881
881
881
881
881
150
814
165
197
653
947
789
221
646
266
465
20
571
579
468
468
890
460
615
344
16
504
504
504
504
504
504
504
504
504
504
504
504
504
504
504
504
504
504
504
504
504
504
504
504
504
504
504
504
504
504
504
504
504
504
504
504
504
504
504
504
504
504
504
504
504
504
504
504
504
504
504
504
504
504
504
504
504
504
504
504
504
504
504
504
504
504
504
504
504
504
504
504
504
504
504
504
504
504
504
504
504
504
504
504
504
504
504
504
504
504
504
504
504
504
504
504
504
504
504
504
504
504
504
504
504
504
504
504
504
504
504
504
504
504
504
504
504
504
504
504
504
504
504
504
504
504
504
504
504
504
504
504
504
504
504
504
504
504
504
504
504
504
504
504
504
504
504
504
504
504
504
504
504
504
504
504
504
504
504
504
504
504
504
504
504
504
504
504
504
504
504
504
504
504
504
504
504
504
504
504
504
504
504
504
504
504
504
504
504
504
504
504
504
504
504
504
504
504
504
504
504
504
504
504
504
504
504
504
504
504
504
504
504
504
504
504
504
504
504
504
504
504
504
504
504
504
504
504
504
504
504
504
504
504
504
504
504
504
504
504
504
504
504
504
504
504
504
504
504
504
504
504
504
504
504
504
504
504
504
504
504
504
504
504
504
504
504
504
504
504
504
504
504
504
504
504
504
504
504
504
504
504
504
504
504
504
504
504
504
504
504
504
504
504
504
504
504
504
504
504
504
504
504
504
504
504
504
504
504
504
504
504
504
504
504
504
504
504
504
504
504
504
504
504
504
504
504
504
504
504
504
504
504
504
504
504
504
504
504
504
504
504
504
504
504
504
504
504
504
504
504
504
504
504
504
504
504
504
504
504
504
504
504
504
504
504
504
504
504
504
504
504
504
504
504
504
504
504
504
504
504
504
504
504
504
504
504
504
504
504
504
504
504
504
504
504
504
504
504
504
504
504
504
504
504
504
504
504
504
504
504
504
504
504
504
504
504
504
504
504
504
504
504
504
504
504
504
504
504
504
504
504
504
504
504
504
504
504
504
504
504
504
504
504
504
504
504
504
504
504
504
504
504
504
504
504
504
504
504
504
504
504
504
504
504
504
504
504
504
504
504
504
504
504
504
504
504
504
504
504
504
504
504
504
504
504
504
504
504
504
504
504
504
504
504
504
504
504
504
504
504
504
504
504
504
504
504
504
504
504
504
504
504
504
504
504
504
504
504
504
504
504
504
504
504
504
504
504
504
504
504
504
504
504
504
504
504
504
504
504
504
504
504
504
504
504
504
504
504
504
504
504
504
504
504
504
504
504
504
504
504
504
504
504
504
504
504
504
504
504
504
504
504
504
504
504
504
504
504
504
504
504
504
504
504
504
504
504
504
504
504
504
504
504
504
504
504
504
504
504
504
504
504
504
504
504
504
504
504
504
504
504
504
504
504
504
504
504
504
504
504
504
504
504
263
950
879
879
234
133
736
233
467
164
298
617
163
615
615
966
816
595
939
69
273
389
535
445
144
298
913
66
66
758
560
411
927
248
248
633
909
159
92
74
80
477
693
244
775
494
559
559
575
644
407
202
767
767
629
475
188
348
105
332
646
50
551
589
611
146
548
859
4
641
203
249
868
283
878
593
679
776
272
271
445
916
830
647
868
491
306
12
23
411
411
573
822
462
156
443
257
302
175
300
458
816
655
859
716
122
770
494
802
640
766
257
117
117
866
271
916
918
915
254
39
938
818
818
818
764
792
464
104
104
419
721
406
746
746
746
746
746
746
746
746
746
746
205
205
205
205
205
48
595
861
908
495
15
710
21
1
534
939
410
651
651
22
682
599
940
629
37
163
599
39
39
927
576
503
63
179
408
621
926
766
670
553
659
762
80
633
656
254
828
222
377
270
873
399
952
656
524
524
765
845
687
549
885
799
157
572
46
46
46
336
165
668
294
931
931
931
931
931
931
931
931
931
931
931
931
931
931
522
31
622
468
468
264
480
156
670
492
378
79
763
283
631
899
123
187
697
152
58
430
221
857
587
794
904
107
959
959
959
756
554
922
310
737
728
778
33
240
240
240
934
855
885
496
935
680
680
680
680
680
680
779
750
763
86
937
644
238
179
106
106
106
106
460
69
845
438
157
137
581
913
691
535
407
460
295
369
646
687
335
533
604
831
652
468
794
434
416
64
555
244
454
735
351
98
956
380
536
145
517
149
242
240
836
649
649
649
649
853
315
50
683
187
537
537
537
400
943
552
85
596
530
671
44
746
746
746
746
746
746
746
411
288
232
232
232
232
232
232
330
791
331
470
204
51
615
721
353
41
146
221
690
690
690
31
662
662
662
662
662
892
714
876
613
298
851
851
197
383
383
383
631
879
239
675
675
675
675
657
802
148
73
316
123
404
786
327
608
433
233
961
474
379
366
348
562
87
424
424
424
424
424
424
424
424
424
424
424
424
424
424
424
424
424
424
424
424
460
147
69
758
183
183
183
183
183
418
326
814
329
565
522
170
551
822
243
867
867
867
945
800
800
685
457
440
302
690
433
928
101
799
460
460
663
71
884
884
884
884
155
218
953
913
401
555
423
248
68
172
922
238
723
776
633
774
774
905
465
491
394
89
89
89
89
945
116
522
522
905
369
506
397
216
577
465
465
523
947
602
469
469
381
189
76
781
409
249
735
647
4
644
465
779
779
779
632
114
454
211
204
204
432
327
726
521
849
416
919
919
919
919
97
25
568
621
5
203
274
538
544
350
351
954
599
270
785
756
965
282
567
781
397
205
24
601
601
637
504
511
191
385
928
294
482
137
862
862
862
862
287
294
249
561
16
794
96
367
780
695
695
637
597
597
597
483
786
880
234
886
461
440
624
246
246
246
261
261
160
757
452
697
869
898
364
39
945
651
485
226
397
502
52
52
493
53
832
832
220
843
614
856
661
678
274
293
171
714
714
102
417
160
160
160
414
358
764
144
260
695
508
451
672
343
120
82
740
622
287
265
828
303
638
703
917
678
396
627
952
842
950
851
944
399
43
542
910
807
686
354
686
378
957
542
874
109
625
646
884
912
912
912
912
912
912
912
912
96
96
96
96
96
96
744
399
886
479
349
748
748
748
748
748
875
8
884
901
143
767
877
694
962
962
962
962
962
962
962
962
962
962
962
962
962
962
962
962
962
962
962
962
962
962
962
962
962
962
962
962
962
962
962
962
962
962
962
962
962
962
962
962
962
962
962
962
962
962
962
962
962
962
962
962
962
962
962
962
962
962
962
962
962
962
962
962
962
962
962
962
962
962
962
962
962
962
962
962
962
962
962
962
962
452
636
954
322
22
672
853
11
399
759
273
56
589
189
189
189
152
774
117
551
907
596
84
687
655
245
756
756
589
388
707
707
650
114
702
286
286
903
840
645
925
544
646
121
943
589
546
183
362
735
487
384
36
223
475
632
459
347
471
704
704
704
135
244
276
842
895
391
728
365
326
886
158
435
329
956
708
708
456
577
286
792
124
124
205
311
660
241
686
167
57
330
514
514
514
514
514
514
514
514
514
514
514
514
514
514
514
514
514
514
514
514
514
514
514
514
514
514
514
514
514
514
514
514
514
514
514
514
514
514
514
514
514
514
514
514
514
514
514
514
514
514
514
514
514
514
514
514
514
514
514
514
514
514
514
514
514
514
514
514
514
514
514
514
514
514
514
514
514
514
514
514
514
514
514
514
514
514
514
514
514
514
514
514
514
514
514
514
514
514
514
514
514
514
514
514
514
514
514
514
514
529
66
649
649
773
343
524
852
886
436
250
396
69
408
15
15
398
397
724
854
158
194
678
434
400
174
126
793
44
294
851
374
960
564
593
967
521
120
350
406
406
38
786
808
586
39
248
601
437
797
509
324
140
704
186
574
136
360
853
113
557
331
964
931
323
560
556
149
114
676
499
672
866
470
470
470
512
512
512
512
512
484
509
912
270
947
742
779
455
66
515
793
792
803
338
677
917
895
895
40
40
40
40
40
40
40
40
40
40
40
40
40
40
40
40
40
40
40
40
40
40
97
42
42
516
810
810
599
665
108
459
349
349
349
349
780
510
819
476
26
360
360
420
448
491
346
260
130
412
927
108
237
915
446
98
864
525
291
145
567
807
955
350
504
95
962
853
59
504
856
535
682
682
682
401
140
163
892
486
423
207
83
83
83
83
83
83
83
83
83
83
83
83
83
83
83
83
83
83
83
83
83
83
83
83
83
83
83
83
83
83
83
83
83
83
83
83
83
83
83
83
83
83
83
83
83
83
83
83
83
83
83
83
83
83
83
83
83
83
83
83
83
83
83
83
83
83
83
83
83
83
83
83
83
83
83
83
83
83
83
83
83
83
83
83
83
83
83
83
83
83
83
83
83
83
83
83
83
83
83
83
83
83
83
83
83
83
83
83
83
83
83
83
83
83
83
83
83
83
83
83
83
83
83
83
83
83
83
83
83
83
83
83
83
83
83
83
83
83
83
83
83
83
83
83
83
83
83
83
83
83
83
83
83
83
83
83
83
83
83
83
83
83
83
83
83
83
83
83
83
83
83
83
83
83
83
83
83
83
83
83
83
83
83
83
83
83
83
83
83
83
83
83
83
83
83
83
83
83
83
83
83
83
83
83
83
83
83
83
83
83
83
83
83
83
83
83
83
83
83
83
83
83
83
83
83
83
83
83
83
83
83
83
83
83
83
83
83
83
83
83
83
83
83
83
83
83
83
83
83
83
83
83
83
83
83
83
83
83
83
83
83
83
83
83
83
83
83
83
83
83
83
83
83
83
83
83
83
83
83
83
83
83
83
83
83
83
83
83
83
83
83
83
83
83
83
83
83
83
83
83
83
83
83
83
83
83
83
83
83
83
83
83
83
83
83
83
83
83
83
83
83
83
83
83
83
83
83
83
83
83
83
83
83
83
83
83
83
83
83
83
83
83
83
83
83
83
83
83
83
83
83
83
83
83
83
83
83
83
83
83
83
83
83
83
83
83
83
83
83
83
83
83
83
83
83
83
83
83
83
83
83
83
83
83
83
83
83
83
83
83
83
534
315
472
481
913
913
722
529
529
529
529
470
45
675
69
852
814
572
541
910
566
578
153
153
102
619
841
784
784
52
13
947
128
651
554
487
886
121
802
390
754
747
297
316
316
316
316
316
401
342
23
23
471
379
774
75
104
931
641
641
641
641
641
834
117
895
895
895
485
958
711
711
537
155
691
818
806
429
337
337
877
877
877
877
550
324
451
337
255
748
805
657
123
828
312
654
849
539
758
965
364
624
266
291
142
408
34
831
563
877
681
553
553
339
51
462
73
375
98
562
630
846
399
399
471
1
259
783
655
293
354
597
597
442
718
718
718
254
708
41
548
148
228
411
863
137
277
886
628
328
247
247
247
702
855
345
296
669
223
696
173
377
139
956
216
584
495
814
58
245
252
766
439
800
98
667
243
145
956
520
898
617
32
177
351
71
674
799
741
81
81
527
98
458
819
238
827
435
733
673
494
163
109
444
754
909
644
453
336
24
593
41
41
41
41
41
41
41
41
41
41
41
41
922
242
242
73
283
745
297
141
729
222
223
288
320
833
291
710
692
727
727
727
628
549
405
943
658
33
729
751
728
366
120
905
959
161
43
386
386
327
315
835
835
620
76
89
843
517
517
517
561
709
808
456
585
719
116
167
156
91
91
9
190
820
820
645
102
218
65
39
361
226
83
747
764
562
247
632
214
323
873
90
24
619
951
833
107
568
736
223
887
893
893
893
893
893
893
466
466
466
466
466
897
115
318
842
217
688
907
257
81
317
492
13
265
265
265
265
265
265
265
265
265
86
260
81
81
300
300
300
300
300
300
300
300
300
300
300
300
300
300
300
300
300
300
735
955
542
542
912
758
758
758
758
758
758
758
758
758
758
758
758
758
758
758
758
758
758
758
758
758
758
758
758
758
758
758
758
758
758
758
758
758
758
758
758
758
758
758
758
758
758
758
758
758
758
758
758
525
929
865
865
865
278
697
120
197
622
738
278
889
12
152
139
928
243
548
193
560
224
206
10
10
10
10
10
310
618
91
762
538
230
337
482
20
46
595
595
595
595
595
595
69
324
324
324
341
674
674
674
674
674
674
674
674
674
674
674
947
111
952
952
868
351
289
191
311
532
891
505
277
147
863
439
609
666
530
404
388
913
893
893
54
117
939
649
187
448
5
528
528
154
136
136
640
290
189
23
23
23
23
23
23
23
23
23
579
532
487
296
456
24
725
755
71
196
397
737
726
801
309
823
726
363
941
849
44
312
481
202
840
787
338
664
110
679
688
841
244
359
359
321
852
535
78
967
606
274
68
528
185
869
774
40
779
233
165
813
277
477
326
479
350
298
2
198
408
681
681
681
70
433
433
433
433
433
433
433
433
433
433
433
433
433
433
433
433
433
433
109
109
109
429
755
755
755
755
961
964
17
633
603
292
701
315
477
755
755
755
755
755
755
184
669
718
417
835
715
759
344
74
510
846
372
512
77
932
378
147
549
487
487
487
487
487
487
487
577
488
481
573
573
573
506
298
360
950
31
675
459
938
860
160
841
461
179
588
492
524
814
35
554
218
699
631
334
261
931
68
68
901
540
540
556
414
297
246
864
810
228
79
517
687
50
561
32
32
75
207
211
663
699
887
510
886
474
880
770
289
399
215
252
467
148
944
207
714
426
454
610
268
682
690
785
554
892
892
892
531
738
967
738
133
662
621
53
356
692
679
269
494
0
820
709
405
319
42
381
678
756
807
164
399
107
31
121
77
585
45
608
507
196
530
640
640
858
183
845
399
875
556
556
820
553
709
672
447
146
175
489
679
853
429
519
50
828
778
233
133
133
39
2
330
799
799
509
526
526
361
181
569
697
59
0
0
0
0
0
0
0
756
756
756
756
756
756
767
820
494
508
524
941
654
699
614
518
736
75
69
938
12
31
203
221
221
223
205
552
54
866
262
568
232
831
449
443
831
389
389
242
835
883
903
391
391
40
741
741
274
274
274
274
274
274
274
274
274
274
274
274
274
274
274
274
274
274
274
274
274
274
274
274
274
274
274
274
274
274
274
274
274
274
274
274
274
274
274
274
274
274
274
274
274
274
274
274
274
274
274
274
274
274
274
274
274
274
274
274
274
274
274
274
274
274
274
274
274
274
274
274
274
274
274
274
274
274
274
274
274
274
274
274
274
274
274
274
274
274
274
274
274
274
274
274
274
274
274
274
274
274
274
274
274
274
274
274
274
274
274
274
274
274
274
274
274
274
274
654
291
195
882
512
165
2
544
544
369
375
767
726
111
5
5
777
777
374
573
41
389
206
206
484
405
596
878
272
511
813
816
704
587
274
542
878
469
456
423
635
610
151
151
151
151
151
151
151
151
188
18
102
98
129
259
259
875
503
17
100
893
223
736
482
819
647
754
515
644
602
251
415
61
945
326
326
326
326
326
326
326
326
326
326
326
326
326
326
326
326
326
326
326
326
326
326
326
326
326
326
326
326
326
326
326
326
326
326
326
326
326
326
326
326
326
326
326
326
326
326
326
326
326
326
326
326
326
326
326
326
326
326
326
326
326
326
326
326
326
326
326
326
326
326
326
326
326
326
326
326
326
326
326
326
326
326
326
326
326
326
326
326
326
326
326
326
326
326
326
326
326
326
326
326
326
326
326
326
326
326
326
326
326
326
326
326
326
326
326
326
326
326
326
326
326
326
326
326
326
326
326
326
326
326
326
326
326
326
326
326
326
326
326
326
326
326
326
326
326
326
326
326
326
326
326
326
326
326
326
326
326
326
326
326
326
326
326
326
326
326
326
326
326
326
326
326
326
326
326
326
326
326
326
326
326
326
326
326
326
326
326
326
326
326
326
326
326
326
326
326
326
530
434
901
349
228
236
537
246
246
246
246
246
246
246
246
246
246
246
246
246
246
246
246
246
246
246
246
246
246
246
246
246
246
246
246
246
246
490
788
376
749
695
63
766
948
140
22
716
622
25
547
561
540
540
224
347
347
943
967
408
105
105
105
105
105
105
149
939
691
234
472
919
919
919
470
194
198
960
960
960
14
14
14
726
894
861
861
861
941
692
841
841
114
866
590
888
892
169
481
616
545
829
744
217
269
849
518
392
572
753
49
523
523
255
255
255
255
255
255
255
255
255
255
255
255
255
255
255
255
243
873
400
257
631
326
150
757
202
176
871
871
101
918
791
25
271
457
641
817
318
417
417
417
417
417
417
417
417
417
417
417
417
417
218
739
450
736
316
54
673
365
730
113
760
635
513
49
451
23
23
351
240
225
679
295
326
629
629
270
503
901
879
177
750
229
746
152
153
381
72
621
435
746
746
170
349
859
930
169
556
163
620
579
514
44
956
226
491
315
39
913
818
940
825
825
825
825
825
825
825
825
825
825
825
825
825
179
874
238
110
58
391
391
491
283
196
196
196
196
196
110
110
110
110
110
110
110
110
110
110
110
61
366
460
920
920
920
920
920
920
920
920
920
920
920
920
920
920
920
920
920
920
920
920
920
920
480
629
629
508
643
643
433
271
190
629
259
568
304
726
607
249
729
732
106
92
790
345
202
33
888
845
316
316
117
140
377
635
886
481
148
413
173
943
943
30
444
165
811
855
885
147
614
677
396
375
593
655
619
415
415
32
6
448
104
851
916
373
373
23
477
41
775
958
341
372
163
316
402
759
634
245
647
703
544
544
544
544
544
544
544
544
544
544
544
544
544
544
544
544
544
445
564
941
4
189
628
623
623
623
757
812
629
389
916
665
338
322
840
815
515
800
800
806
40
204
153
508
759
97
174
188
744
62
733
373
626
858
858
377
816
670
184
605
514
814
26
614
614
614
663
516
516
120
535
535
364
787
519
354
11
724
659
520
667
667
667
667
667
667
667
667
667
667
667
667
667
667
756
846
855
532
908
620
905
567
662
466
466
466
466
466
466
567
567
567
567
567
567
567
364
364
651
356
62
649
534
829
344
83
949
63
599
921
583
953
932
932
932
932
932
491
644
636
190
190
585
515
77
149
607
607
607
607
607
850
239
358
544
857
925
925
909
540
465
465
465
465
465
465
3
373
32
832
869
267
966
966
966
933
50
103
700
187
219
223
831
856
413
886
555
967
750
194
524
173
553
101
214
214
214
662
42
907
160
197
197
312
344
214
214
763
364
331
813
619
63
32
838
286
47
878
851
648
465
525
582
582
660
82
907
245
335
153
153
153
907
529
92
251
726
557
595
595
595
595
595
595
595
595
124
771
542
640
134
387
291
349
419
162
635
467
72
670
299
538
227
881
382
309
820
779
644
644
644
644
644
5
870
357
250
154
116
807
901
392
610
476
65
896
896
896
896
863
356
277
467
670
96
118
743
766
417
465
177
330
31
967
334
810
810
467
491
651
825
741
50
50
50
50
50
50
50
50
50
50
50
50
941
580
952
517
374
374
612
582
454
507
939
883
158
793
11
11
276
568
929
693
217
217
217
217
217
217
217
217
139
207
248
778
541
90
429
65
955
286
806
37
411
571
21
929
129
633
543
584
325
666
499
483
492
663
912
244
624
637
614
915
29
862
877
570
137
339
787
124
625
625
625
625
625
625
625
625
625
625
625
625
625
625
778
778
778
161
69
381
335
335
335
30
30
510
152
725
278
629
576
778
297
252
473
241
496
281
62
142
381
91
91
189
290
814
326
781
633
602
439
443
915
660
8
8
8
282
842
671
587
599
949
248
359
911
697
611
611
611
611
611
611
611
611
611
611
611
611
611
611
611
568
938
140
706
33
33
434
415
276
623
705
122
133
671
908
735
294
535
683
954
696
149
828
399
736
611
532
169
155
155
476
866
866
766
76
837
906
110
54
525
525
330
180
415
605
466
